2262531415652416416355646311
5433635326632631634443216542
5141642335415445651253454652
5423612456456444621162132322
4415145412424424365653212144
1462142164133163643623424645
4166665113143655126556515355
4651225212342224235421524111
2162456651316645126634115354
2651263523551242513515662332
1633266662645423525246543365
5565156224443253124525263563
1451545446264126234554222362
6463124154564311412453336363
2314523362314163123644162652
3366645563616126245345355211
4621454561645434163233233215
3631542563612614243365211252
5211622451432664552332663536
2252316331453643624616222465
1446152226114321531255323666
3536221423361322614315125225
3362612363134556133413556222
3566541323564242134142465335
3435225653566541543625133125
4351246611661313121445256524
